256.337 1030.62
255.055 896.764
254.043 762.698
253.099 628.257
252.411 493.374
251.72 358.506
251.026 223.569
323.124 963.537
322.022 829.626
321.192 695.57
320.31 560.895
319.681 425.949
319.137 291.238
318.502 156.386
390.84 1029.82
389.803 896.074
388.797 762.02
388.021 627.772
387.398 493.032
386.834 358.443
386.359 223.49
457.601 962.747
456.585 828.851
455.718 694.868
455.025 560.326
454.553 425.706
454.119 290.913
453.727 156.439
524.734 1029.21
523.846 895.731
523.021 761.774
522.362 627.74
521.855 493.044
521.395 358.523
521.093 224.045
591.58 962.332
590.746 828.632
590.154 694.627
589.612 560.516
589.175 425.786
588.839 291.386
588.499 157.092
658.881 1028.32
658.115 894.802
657.528 761.05
656.996 627.046
656.603 492.7
656.217 358.215
655.924 223.836
725.226 961.288
724.744 827.77
724.314 694.135
723.868 559.87
723.54 425.535
723.259 291.13
722.911 157.066
792.319 1027.66
791.794 894.44
791.438 760.814
791.065 627.095
790.709 492.805
790.443 358.681
790.135 224.408
858.867 960.469
858.387 827.119
858.322 693.698
857.844 559.597
857.616 425.463
857.408 291.273
857.016 157.384
925.821 1026.5
925.565 893.354
925.393 760.079
925.176 626.492
924.952 492.399
924.743 358.307
924.47 224.359
991.972 959.832
991.83 826.659
991.824 693.406
991.584 559.627
991.46 425.65
991.137 291.671
990.907 158.06
1058.58 1025.93
1058.55 893.152
1058.52 759.857
1058.43 626.573
1058.33 492.672
1058.2 359.009
1057.92 225.277
1124.88 958.686
1124.82 825.779
1124.97 692.757
1124.86 559.181
1124.74 425.587
1124.6 291.815
1124.27 158.375
1191.07 1024.52
1191.23 891.927
1191.3 759.06
1191.37 625.893
1191.37 492.375
1191.23 358.897
1191.04 225.339
1257.14 958.019
1257.35 825.387
1257.5 692.633
1257.54 559.473
1257.58 425.884
1257.42 292.543
1257.19 159.448
1322.81 1023.53
1323.14 891.27
1323.45 758.636
1323.63 625.864
1323.71 492.527
1323.67 359.394
1323.47 226.209
1388.66 956.814
1389.03 824.483
1389.45 692.098
1389.57 559.104
1389.7 425.965
1389.62 292.741
1389.41 159.999
1453.75 1022.34
1454.29 890.385
1454.73 758.036
1455.09 625.567
1455.24 492.619
1455.29 359.775
1455.18 226.795
1519.54 956.132
1520.04 824.048
1520.5 691.854
1520.86 559.337
1521.01 426.386
1521.07 293.708
1520.97 161.025
1584.17 1020.97
1584.81 889.271
1585.38 757.342
1585.78 625.147
1586.14 492.661
1586.34 359.992
1586.36 227.314
343.56 1067.06
342.026 925.794
340.85 784.24
339.717 642.218
338.833 499.671
337.973 357.109
337.166 214.469
414.054 996.111
412.739 854.786
411.73 713.191
410.73 570.975
409.927 428.368
409.337 286.116
408.522 143.536
485.702 1065.84
484.434 924.743
483.297 783.295
482.33 641.535
481.584 499.224
480.873 356.996
480.258 214.481
556.062 994.908
554.884 853.678
553.972 712.291
553.176 570.294
552.552 428.089
551.928 285.741
551.448 143.753
627.033 1064.77
626.073 924.091
625.134 782.777
624.31 641.327
623.728 499.23
623.104 357.183
622.598 215.11
697.538 994.099
696.613 853.142
696.02 711.882
695.282 570.357
694.704 428.165
694.225 286.315
693.722 144.541
768.462 1063.37
767.678 922.734
767.059 781.797
766.45 640.517
765.91 498.788
765.408 356.871
764.971 215.09
838.404 992.533
837.913 851.948
837.405 711.107
836.881 569.614
836.404 427.881
835.988 286.13
835.548 145.034
908.999 1062.2
908.459 921.982
908.074 781.252
907.64 640.376
907.211 498.818
906.805 357.363
906.388 215.836
978.946 991.272
978.536 850.941
978.365 710.474
977.938 569.262
977.587 427.829
977.27 286.458
976.741 145.356
1049.29 1060.5
1049.09 920.472
1048.92 780.219
1048.67 639.544
1048.46 498.385
1048.13 357.158
1047.71 215.968
1118.79 990.154
1118.67 850.127
1118.64 709.938
1118.46 569.156
1118.22 428.043
1117.84 287.01
1117.45 146.307
1188.55 1059.35
1188.64 919.887
1188.64 779.693
1188.59 639.521
1188.46 498.63
1188.24 357.915
1187.86 217.173
1258.06 988.496
1258.11 848.878
1258.3 709.044
1258.2 568.624
1258.08 428.002
1257.85 287.274
1257.41 146.825
1327.25 1057.36
1327.54 918.175
1327.74 778.628
1327.84 638.656
1327.85 498.333
1327.65 357.941
1327.41 217.423
1396.38 987.34
1396.74 848.137
1396.98 708.701
1397.01 568.801
1397.1 428.347
1396.91 288.242
1396.59 148.231
1464.88 1055.85
1465.39 917.107
1465.8 777.936
1466.08 638.508
1466.22 498.416
1466.16 358.547
1465.96 218.472
1533.68 985.657
1534.19 846.859
1534.68 707.978
1534.96 568.28
1535.07 428.546
1535.05 288.603
1534.89 148.897
1601.48 1054.11
1602.17 915.792
1602.77 777.005
1603.23 638.043
1603.48 498.498
1603.63 358.98
1603.53 219.335
1670.13 984.512
1670.74 846.074
1671.41 707.442
1671.86 568.466
1672.13 428.968
1672.31 289.62
1672.36 150.178
1737.47 1052.27
1738.21 914.259
1738.94 776.015
1739.45 637.438
1740.02 498.409
1740.31 359.23
1740.58 219.805
385.839 1035.77
384.428 900.852
383.287 765.672
382.09 630.033
381.251 493.956
380.405 357.875
379.587 221.709
453.224 967.963
451.956 832.968
450.915 697.766
449.936 562.002
449.169 425.91
448.46 290.042
447.71 154.055
521.729 1034.47
520.404 899.735
519.27 764.653
518.359 629.347
517.608 493.516
516.924 357.875
516.195 221.746
588.795 966.657
587.69 831.853
586.768 696.859
585.908 561.282
585.322 425.623
584.702 289.84
584.093 154.273
656.576 1033.27
655.56 898.957
654.67 764.06
653.939 629.155
653.266 493.528
652.621 357.967
652.071 222.428
723.785 965.734
722.936 831.209
722.312 696.408
721.55 561.355
720.953 425.734
720.418 290.375
719.869 155.114
791.453 1031.79
790.737 897.554
790.07 763.048
789.469 628.267
788.912 493.099
788.371 357.727
787.887 222.491
858.195 964.119
857.675 829.981
857.138 695.575
856.572 560.592
856.112 425.48
855.609 290.23
855.077 155.388
925.522 1030.53
924.948 896.723
924.552 762.481
924.082 628.094
923.637 493.128
923.178 358.286
922.693 223.261
992.171 962.803
991.739 828.902
991.517 694.904
991.031 560.24
990.631 425.389
990.251 290.553
989.69 156.04
1059.28 1028.81
1059.01 895.202
1058.78 761.437
1058.47 627.258
1058.2 492.678
1057.81 358
1057.36 223.421
1125.47 961.625
1125.28 828.051
1125.16 694.369
1124.92 560.131
1124.62 425.634
1124.16 291.213
1123.75 156.98
1191.99 1027.61
1191.98 894.574
1191.9 760.87
1191.79 627.209
1191.55 492.886
1191.28 358.779
1190.84 224.578
1258.17 959.979
1258.12 826.816
1258.19 693.479
1258.02 559.59
1257.83 425.548
1257.53 291.374
1256.97 157.754
1324.1 1025.63
1324.29 892.859
1324.37 759.806
1324.4 626.345
1324.3 492.588
1324.07 358.769
1323.73 224.864
1389.92 958.788
1390.14 826.052
1390.28 693.105
1390.2 559.755
1390.23 425.884
1389.95 292.364
1389.59 158.85
1455.17 1024.1
1455.51 891.779
1455.86 759.068
1456.02 626.217
1456.05 492.71
1455.95 359.308
1455.65 225.869
1520.63 957.126
1521.02 824.789
1521.41 692.376
1521.56 559.202
1521.59 426.006
1521.46 292.709
1521.21 159.604
1585.29 1022.36
1585.83 890.467
1586.24 758.147
1586.61 625.676
1586.73 492.687
1586.78 359.764
1586.61 226.643
1650.54 955.955
1651.06 823.955
1651.52 691.843
1651.86 559.398
1652.05 426.445
1652.1 293.641
1652.03 160.877
1714.68 1020.54
1715.29 888.953
1715.82 757.185
1716.25 625.098
1716.6 492.671
1716.85 360.016
1716.98 227.193
450.237 1015.63
449.137 884.808
448.201 753.71
447.379 622.237
446.818 490.346
446.215 358.421
445.676 226.461
515.492 950.051
514.588 819.115
513.834 688.022
513.089 556.297
512.583 424.339
512.083 292.587
511.754 160.991
581.603 1014.75
580.718 884.034
579.806 752.973
579.251 621.728
578.677 489.93
578.249 358.365
577.856 226.502
646.904 949.179
645.982 818.282
645.37 687.327
644.726 555.768
644.355 424.138
643.982 292.414
643.649 160.956
712.347 1013.99
711.69 883.639
710.985 752.646
710.461 621.675
710.12 490.05
709.668 358.503
709.417 227.124
777.643 948.62
777.076 817.984
776.688 687.068
776.237 556.035
775.879 424.376
775.584 293.05
775.175 161.724
843.115 1012.92
842.686 882.521
842.325 751.902
841.992 621.068
841.619 489.743
841.316 358.319
841.026 227.007
908.037 947.379
907.797 817.016
907.53 686.512
907.176 555.356
906.93 424.146
906.633 292.762
906.319 162.014
973.299 1012.11
973.013 882.049
972.845 751.599
972.606 621.023
972.355 489.888
972.127 358.82
971.863 227.696
1038.19 946.455
1037.98 816.285
1037.99 686.044
1037.77 555.194
1037.56 424.095
1037.4 293.098
1037.01 162.265
1103.28 1010.81
1103.27 880.889
1103.26 750.815
1103.18 620.384
1103.12 489.542
1102.94 358.583
1102.71 227.82
1167.8 945.665
1167.84 815.757
1167.95 685.735
1167.9 555.185
1167.82 424.373
1167.59 293.656
1167.35 163.121
1232.39 1010.08
1232.63 880.619
1232.75 750.526
1232.85 620.5
1232.85 489.882
1232.77 359.435
1232.53 228.878
1296.95 944.438
1297.12 814.839
1297.41 685.076
1297.43 554.798
1297.46 424.403
1297.37 293.876
1297.09 163.645
1361.07 1008.55
1361.48 879.279
1361.78 749.747
1361.99 619.828
1362.11 489.713
1362.07 359.377
1361.98 229.168
1425.34 943.654
1425.76 814.398
1426.11 684.938
1426.25 555.136
1426.45 424.791
1426.41 294.762
1426.26 164.7
1488.91 1007.47
1489.49 878.543
1489.99 749.244
1490.33 619.868
1490.57 489.806
1490.66 359.975
1490.59 229.982
1552.92 942.431
1553.49 813.441
1554.1 684.392
1554.4 554.666
1554.64 424.993
1554.75 295.001
1554.69 165.357
1615.94 1006.21
1616.63 877.626
1617.31 748.653
1617.85 619.526
1618.13 489.993
1618.39 360.404
1618.48 230.631
1679.91 941.66
1680.53 812.964
1681.24 684.117
1681.76 554.998
1682.1 425.407
1682.4 295.958
1682.56 166.437
1742.54 1004.83
1743.3 876.503
1744.06 747.947
1744.65 619.121
1745.26 489.926
1745.66 360.608
1746 231.061
413.047 1009.65
412.499 880.03
412.315 750.148
412.083 619.859
412.282 489.217
412.317 358.511
412.432 227.804
477.441 945.368
477.215 815.479
477.111 685.449
477.017 554.815
477.179 423.914
477.417 293.267
477.597 162.491
542.199 1010.33
541.967 880.497
541.773 750.34
541.961 620.027
542.015 489.179
542.122 358.368
542.444 227.44
606.864 945.847
606.729 815.721
606.779 685.514
606.849 554.714
607.1 423.826
607.372 292.786
607.719 162.05
671.456 1011.12
671.445 881.285
671.423 750.899
671.515 620.511
671.807 489.478
672.085 358.561
672.474 227.69
736.563 946.68
736.621 816.441
736.857 685.975
737.017 555.299
737.336 424.055
737.782 293.206
738.164 162.512
801.496 1011.64
801.602 881.457
801.818 751.077
802.16 620.493
802.449 489.443
802.871 358.328
803.244 227.246
866.436 946.875
866.781 816.606
867.19 686.205
867.498 555.186
867.93 424.039
868.301 292.762
868.672 161.906
931.369 1012.34
931.723 882.206
932.182 751.713
932.565 621.056
932.985 489.828
933.428 358.715
933.84 227.555
996.692 947.327
997.089 816.952
997.781 686.458
998.216 555.457
998.662 424.161
999.169 292.835
999.491 161.861
1061.74 1012.6
1062.33 882.288
1063 751.887
1063.58 621.026
1064.17 489.788
1064.68 358.463
1065.12 227.277
1126.99 947.972
1127.68 817.505
1128.47 686.937
1129.06 555.834
1129.68 424.486
1130.12 293.171
1130.58 162.13
1191.91 1013.41
1192.76 883.235
1193.56 752.44
1194.3 621.78
1194.96 490.342
1195.58 359.184
1196.05 227.959
1257.54 948.106
1258.37 817.644
1259.32 687.032
1260.01 555.856
1260.71 424.615
1261.31 293.228
1261.73 162.087
1322.31 1013.4
1323.35 883.133
1324.3 752.572
1325.18 621.684
1325.98 490.44
1326.63 359.205
1327.18 227.842
1387.99 948.711
1389.07 818.249
1390.08 687.623
1390.92 556.555
1391.77 425.05
1392.38 293.816
1392.93 162.74
1452.52 1013.85
1453.71 883.629
1454.87 753.005
1455.91 622.217
1456.8 490.907
1457.57 359.652
1458.13 228.477
1518.25 948.8
1519.46 818.366
1520.73 687.827
1521.73 556.599
1522.61 425.409
1523.39 293.983
1523.96 162.995
1582.46 1014.07
1583.86 883.9
1585.16 753.259
1586.37 622.55
1587.35 491.288
1588.32 360.034
1589.02 228.613
1648.45 949.41
1649.69 818.933
1651.14 688.258
1652.28 557.397
1653.32 425.961
1654.29 294.716
1655.12 163.413
1712.51 1014.21
1714 883.926
1715.46 753.456
1716.73 622.683
1718.01 491.536
1719.05 360.295
1720.09 228.746
409.238 1019.13
408.283 887.591
407.531 755.774
406.865 623.566
406.498 490.928
406.139 358.306
405.719 225.573
474.782 953.423
474.007 821.737
473.448 689.846
472.879 557.364
472.549 424.591
472.319 292.1
472.084 159.55
541.104 1018.8
540.378 887.261
539.626 755.352
539.295 623.276
538.882 490.661
538.603 358.192
538.379 225.439
606.803 953.013
605.968 821.226
605.568 689.371
605.212 556.994
604.979 424.441
604.794 291.798
604.655 159.426
672.495 1018.54
671.986 887.211
671.597 755.357
671.163 623.391
670.931 490.809
670.822 358.48
670.645 225.878
738.351 952.904
737.994 821.299
737.752 689.39
737.411 557.274
737.245 424.623
737.153 292.247
737.012 160.027
804.23 1018.01
803.952 886.558
803.754 754.88
803.59 622.962
803.404 490.578
803.324 358.095
803.232 225.71
869.758 952.151
869.665 820.679
869.636 689.109
869.478 556.888
869.384 424.458
869.288 291.957
869.189 159.882
935.58 1017.71
935.394 886.476
935.442 754.877
935.387 623.147
935.327 490.771
935.295 358.549
935.252 226.265
1001.18 951.674
1001.15 820.312
1001.38 688.864
1001.3 556.734
1001.3 424.449
1001.36 292.261
1001.17 160.199
1066.91 1016.9
1067.04 885.712
1067.22 754.413
1067.33 622.661
1067.48 490.546
1067.51 358.452
1067.47 226.206
1132.25 951.353
1132.48 820.138
1132.77 688.742
1132.92 556.895
1133.05 424.754
1133.02 292.641
1132.99 160.83
1197.6 1016.65
1197.98 885.839
1198.31 754.39
1198.61 622.967
1198.78 490.914
1198.94 359.249
1198.91 227.2
1263.1 950.551
1263.46 819.537
1263.96 688.353
1264.2 556.609
1264.42 424.722
1264.54 292.817
1264.45 161.165
1328.09 1015.63
1328.66 884.871
1329.15 753.84
1329.57 622.503
1329.9 490.782
1330.06 359.122
1330.17 227.256
1393.42 950.228
1394.03 819.42
1394.57 688.468
1394.94 557.023
1395.32 425.203
1395.47 293.576
1395.52 162.158
1457.94 1015.03
1458.68 884.551
1459.4 753.667
1459.95 622.639
1460.39 491.04
1460.66 359.612
1460.79 228.048
1523.07 949.394
1523.87 818.795
1524.67 688.138
1525.18 556.787
1525.63 425.391
1525.93 293.798
1526.09 162.481
1587.18 1014.21
1588.1 883.979
1588.9 753.343
1589.65 622.564
1590.18 491.247
1590.61 360.015
1590.88 228.556
1652.32 949.055
1653.25 818.612
1654.12 688.038
1654.81 557.254
1655.39 425.852
1655.88 294.652
1656.22 163.416
1716.07 1013.3
1717.08 883.198
1717.98 752.921
1718.81 622.316
1719.64 491.307
1720.24 360.204
1720.76 228.907
404.649 1017.91
404.28 886.621
404.101 755.04
404.033 623.08
404.244 490.69
404.376 358.255
404.59 225.79
469.842 952.894
469.624 821.295
469.761 689.591
469.693 557.204
469.938 424.546
470.377 292.202
470.557 159.62
535.392 1018.85
535.182 887.256
535.08 755.365
535.243 623.264
535.489 490.648
535.796 358.181
536.128 225.382
600.907 953.593
600.789 821.712
600.912 689.726
601.189 557.182
601.458 424.419
601.904 291.674
602.327 159.156
666.188 1019.85
666.329 888.261
666.377 756.085
666.572 623.894
666.981 491.066
667.381 358.315
667.809 225.528
732.26 954.647
732.413 822.614
732.726 690.324
733.003 557.816
733.428 424.753
733.92 291.963
734.351 159.36
797.935 1020.6
798.196 888.623
798.509 756.384
798.881 623.913
799.352 491.051
799.807 358.008
800.316 225.083
863.876 955.047
864.311 822.913
864.822 690.66
865.237 557.759
865.744 424.676
866.261 291.583
866.725 158.783
929.64 1021.58
930.058 889.551
930.663 757.153
931.171 624.626
931.713 491.487
932.263 358.469
932.785 225.405
996.004 955.716
996.528 823.437
997.263 691.009
997.808 558.039
998.397 424.776
999.006 291.608
999.423 158.675
1061.97 1022.02
1062.67 889.822
1063.42 757.451
1064.12 624.673
1064.82 491.473
1065.47 358.213
1066 225.052
1128.22 956.573
1129.02 824.154
1129.95 691.621
1130.66 558.551
1131.37 425.181
1131.91 291.964
1132.48 158.966
1194.12 1023.07
1195.08 890.956
1196 758.197
1196.84 625.479
1197.64 492.091
1198.38 359.085
1198.93 225.689
1260.84 956.897
1261.78 824.44
1262.85 691.833
1263.68 558.626
1264.48 425.294
1265.18 291.886
1265.69 158.877
1326.59 1023.29
1327.75 891.009
1328.82 758.442
1329.83 625.468
1330.75 492.238
1331.48 358.91
1332.17 225.471
1393.36 957.684
1394.6 825.2
1395.74 692.515
1396.71 559.416
1397.65 425.879
1398.39 292.551
1399.03 159.371
1458.92 1023.96
1460.28 891.69
1461.55 758.997
1462.72 626.154
1463.75 492.677
1464.62 359.433
1465.32 226.002
1525.84 957.987
1527.21 825.456
1528.57 692.863
1529.71 559.529
1530.76 426.172
1531.6 292.688
1532.38 159.372
1591.13 1024.41
1592.66 892.11
1594.1 759.393
1595.43 626.544
1596.57 493.16
1597.61 359.765
1598.3 226.527
1658.33 958.798
1659.8 826.173
1661.29 693.407
1662.61 560.334
1663.79 426.773
1664.86 293.358
1665.79 159.867
1723.55 1024.75
1725.14 892.341
1726.72 759.713
1728.12 626.8
1729.5 493.511
1730.77 359.986
1731.86 226.343
309.232 1025.48
308.791 892.62
308.497 759.509
308.399 625.979
308.523 492.022
308.56 358.036
308.687 223.966
375.106 959.721
374.755 826.581
374.747 693.269
374.668 559.334
374.83 425.076
375.097 291.059
375.35 156.948
441.43 1026.49
441.106 893.37
440.878 759.902
440.867 626.186
441.05 492.006
441.332 357.911
441.591 223.454
507.459 960.516
507.279 827.046
507.247 693.444
507.376 559.259
507.719 424.977
508.112 290.561
508.448 156.352
573.568 1027.63
573.429 894.387
573.518 760.703
573.56 626.809
573.847 492.326
574.251 357.998
574.626 223.517
640.234 961.679
640.236 828.032
640.463 694.106
640.672 559.948
641.014 425.204
641.497 290.768
642.006 156.623
706.768 1028.49
706.768 894.913
707.03 761
707.269 626.838
707.705 492.288
708.185 357.672
708.665 223.04
773.288 962.23
773.573 828.382
773.987 694.422
774.383 559.855
774.843 425.105
775.363 290.347
775.816 155.832
839.901 1029.6
840.18 895.902
840.707 761.847
841.106 627.576
841.593 492.735
842.142 358.027
842.644 223.184
907.015 962.968
907.407 828.972
908.101 694.883
908.501 560.11
909.09 425.201
909.678 290.234
910.14 155.657
973.854 1030.18
974.426 896.253
975.101 762.157
975.715 627.661
976.352 492.69
976.974 357.666
977.505 222.749
1040.89 963.937
1041.6 829.767
1042.44 695.501
1043.08 560.669
1043.77 425.516
1044.29 290.554
1044.94 155.952
1107.7 1031.34
1108.53 897.469
1109.36 762.968
1110.14 628.472
1110.91 493.289
1111.62 358.344
1112.19 223.315
1175.24 964.34
1176.07 830.091
1177.11 695.745
1177.88 560.735
1178.63 425.588
1179.32 290.379
1179.84 155.459
1241.96 1031.71
1243.04 897.62
1243.99 763.248
1244.96 628.475
1245.86 493.4
1246.56 358.23
1247.23 222.99
1309.64 965.247
1310.78 830.937
1311.85 696.437
1312.75 561.538
1313.67 426.219
1314.4 291.019
1315.02 155.928
1376.17 1032.44
1377.4 898.373
1378.67 763.842
1379.77 629.15
1380.74 493.844
1381.56 358.744
1382.29 223.462
1444 965.613
1445.3 831.248
1446.66 696.791
1447.69 561.692
1448.72 426.434
1449.54 290.999
1450.24 155.956
1510.28 1032.96
1511.75 898.858
1513.14 764.293
1514.44 629.555
1515.54 494.316
1516.51 359.058
1517.27 223.757
1578.4 966.477
1579.83 832.02
1581.29 697.383
1582.56 562.473
1583.65 427.027
1584.68 291.739
1585.53 156.445
1644.57 1033.37
1646.16 899.129
1647.73 764.65
1649.08 629.847
1650.45 494.602
1651.56 359.287
1652.57 223.803
443.995 1018.86
443.564 887.324
443.512 755.567
443.474 623.405
443.71 490.829
443.976 358.256
444.238 225.659
509.354 953.722
509.169 821.935
509.238 689.958
509.424 557.502
509.611 424.599
510.03 292.062
510.331 159.415
575.043 1019.75
574.833 888.008
574.794 755.926
575.014 623.614
575.296 490.819
575.573 358.126
575.972 225.209
640.609 954.398
640.623 822.363
640.81 690.19
641.03 557.408
641.395 424.542
641.825 291.584
642.388 159.081
706.064 1020.76
706.155 888.962
706.345 756.651
706.553 624.234
707.006 491.232
707.421 358.339
707.865 225.36
772.215 955.444
772.48 823.269
772.821 690.781
773.174 558.141
773.614 424.902
774.075 291.918
774.537 159.112
837.989 1021.48
838.314 889.32
838.735 756.951
839.121 624.303
839.59 491.213
840.089 358.054
840.669 225.027
904.099 955.849
904.555 823.531
905.136 691.117
905.601 558.052
906.124 424.843
906.664 291.583
907.138 158.615
969.915 1022.43
970.433 890.261
971.031 757.686
971.611 625.021
972.187 491.731
972.766 358.564
973.279 225.288
1036.39 956.488
1036.95 824.067
1037.8 691.523
1038.37 558.383
1038.99 424.956
1039.6 291.658
1040.04 158.536
1102.4 1022.89
1103.18 890.533
1104.02 758.028
1104.75 625.104
1105.49 491.777
1106.14 358.369
1106.7 225.046
1168.81 957.326
1169.66 824.771
1170.63 692.08
1171.37 558.876
1172.16 425.473
1172.71 292.114
1173.29 158.818
1234.7 1023.9
1235.76 891.645
1236.7 758.758
1237.61 625.884
1238.44 492.42
1239.21 359.143
1239.8 225.7
1301.52 957.64
1302.55 825.082
1303.67 692.334
1304.53 558.985
1305.35 425.573
1306.1 291.999
1306.63 158.725
1367.3 1024.11
1368.53 891.696
1369.68 758.989
1370.71 625.935
1371.67 492.534
1372.46 359.106
1373.17 225.541
1434.19 958.438
1435.48 825.816
1436.66 693.009
1437.64 559.84
1438.66 426.133
1439.43 292.702
1440.12 159.363
1499.77 1024.76
1501.15 892.379
1502.48 759.561
1503.71 626.597
1504.77 493.003
1505.7 359.609
1506.47 226.069
1566.76 958.722
1568.14 826.093
1569.6 693.368
1570.78 559.921
1571.86 426.438
1572.77 292.843
1573.59 159.372
1632.06 1025.22
1633.61 892.804
1635.12 759.977
1636.53 626.985
1637.72 493.489
1638.81 360.011
1639.73 226.335
1699.35 959.543
1700.84 826.812
1702.43 693.926
1703.79 560.745
1705.03 427.054
1706.17 293.481
1707.17 159.937
1764.63 1025.57
1766.26 893.019
1767.89 760.312
1769.36 627.268
1770.85 493.78
1772.13 360.176
1773.35 226.374
416.047 1037.14
415.937 901.964
416.082 766.492
416.204 630.565
416.716 494.214
417.206 357.893
417.671 221.416
483.076 970.473
483.164 834.935
483.435 699.161
483.786 562.798
484.285 426.107
484.928 289.698
485.471 153.125
550.158 1038.73
550.332 903.153
550.505 767.223
550.894 630.978
551.495 494.317
552.022 357.69
552.682 220.796
617.679 971.789
617.918 835.806
618.334 699.682
618.798 562.92
619.432 426.08
620.122 289.085
620.871 152.416
684.867 1040.44
685.143 904.672
685.53 768.334
685.977 631.88
686.645 494.767
687.323 357.802
688.226 220.947
752.923 973.459
753.375 837.177
753.979 700.602
754.656 563.872
755.303 426.444
756.078 289.357
756.826 152.39
820.551 1041.84
821.043 905.57
821.735 769.04
822.381 632.195
823.102 494.906
823.927 357.546
824.734 220.263
888.703 974.465
889.474 837.936
890.282 701.284
890.975 563.899
891.829 426.457
892.616 288.833
893.393 151.62
956.452 1043.5
957.274 907.059
958.173 770.183
958.994 633.203
959.832 495.53
960.651 357.926
961.477 220.335
1025.28 975.721
1026.08 838.92
1027.18 701.984
1028.01 564.432
1028.95 426.579
1029.85 288.853
1030.56 151.341
1093.35 1044.58
1094.4 907.825
1095.49 770.907
1096.51 633.5
1097.53 495.646
1098.48 357.7
1099.29 219.855
1162.12 977.166
1163.28 840.133
1164.53 702.89
1165.58 565.161
1166.63 427.089
1167.47 289.179
1168.34 151.383
1230.23 1046.28
1231.57 909.492
1232.82 772.013
1234.05 634.564
1235.18 496.426
1236.23 358.518
1237.11 220.468
1299.59 978.042
1300.92 840.867
1302.36 703.472
1303.54 565.44
1304.68 427.282
1305.68 288.977
1306.53 151.028
1367.7 1047.14
1369.25 910.038
1370.7 772.636
1372.06 634.816
1373.33 496.648
1374.42 358.419
1375.42 220.116
1437.28 979.433
1438.9 842.057
1440.41 704.477
1441.73 566.42
1443.04 427.891
1444.11 289.637
1445.08 151.37
1505.27 1048.45
1506.99 911.271
1508.72 773.578
1510.23 635.798
1511.64 497.284
1512.87 358.967
1513.92 220.479
1575.12 980.299
1576.87 842.762
1578.66 705.131
1580.17 566.702
1581.53 428.328
1582.82 289.597
1583.93 151.222
1643 1049.54
1644.93 912.189
1646.73 774.415
1648.49 636.413
1650.01 497.867
1651.42 359.324
1652.65 220.683
1713.26 981.711
1715.16 843.935
1717.04 706.028
1718.77 567.76
1720.33 428.954
1721.8 290.29
1723.18 151.479
1781.22 1050.55
1783.26 912.936
1785.26 775.077
1787.04 636.917
1788.89 498.302
1790.54 359.49
1792.09 220.433
369.491 1057.14
368.375 917.898
367.512 778.366
366.777 638.375
366.348 497.927
365.878 357.459
365.468 216.903
438.888 987.596
437.992 848.2
437.326 708.565
436.681 568.284
436.301 427.702
436.013 287.323
435.659 146.864
509.046 1056.76
508.188 917.537
507.417 777.924
506.881 638.024
506.498 497.607
506.177 357.328
505.921 216.667
578.434 987.115
577.68 847.67
577.188 708.086
576.73 567.833
576.499 427.444
576.23 286.917
576.099 146.709
648.277 1056.52
647.641 917.533
647.067 777.884
646.683 638.207
646.462 497.809
646.193 357.486
646.109 217.205
717.915 987.062
717.416 847.709
717.302 708.176
716.793 568.145
716.617 427.658
716.51 287.427
716.417 147.511
787.79 1055.93
787.371 916.831
787.13 777.419
786.916 637.695
786.744 497.512
786.595 357.153
786.538 216.934
857.1 986.275
856.946 847.088
856.86 707.699
856.688 567.656
856.611 427.417
856.539 287.102
856.432 147.266
926.789 1055.63
926.611 916.737
926.654 777.397
926.555 637.85
926.489 497.674
926.455 357.66
926.402 217.479
996.294 985.76
996.247 846.674
996.469 707.48
996.406 567.594
996.404 427.402
996.433 287.296
996.269 147.476
1065.89 1054.75
1066.07 915.906
1066.26 776.847
1066.37 637.387
1066.54 497.436
1066.57 357.439
1066.5 217.407
1135.12 985.379
1135.37 846.45
1135.69 707.346
1135.86 567.712
1135.99 427.723
1135.97 287.807
1135.95 148.144
1204.32 1054.45
1204.76 915.985
1205.12 776.823
1205.44 637.677
1205.64 497.831
1205.8 358.149
1205.79 218.412
1273.71 984.479
1274.1 845.795
1274.65 706.893
1274.92 567.363
1275.16 427.694
1275.28 287.931
1275.2 148.444
1342.47 1053.31
1343.14 914.935
1343.69 776.245
1344.15 637.101
1344.52 497.639
1344.69 358.083
1344.8 218.474
1411.67 984.062
1412.37 845.619
1412.96 706.959
1413.41 567.775
1413.8 428.16
1413.97 288.815
1414.03 149.455
1479.93 1052.6
1480.79 914.533
1481.57 776
1482.19 637.298
1482.7 497.894
1483.02 358.671
1483.15 219.334
1548.95 983.123
1549.8 844.903
1550.71 706.581
1551.3 567.487
1551.8 428.346
1552.11 288.985
1552.31 149.945
1616.73 1051.68
1617.75 913.874
1618.69 775.588
1619.52 637.129
1620.11 498.121
1620.6 359.133
1620.86 219.998
1685.71 982.717
1686.74 844.675
1687.7 706.481
1688.5 567.956
1689.16 428.884
1689.67 289.958
1690.13 150.897
1753.19 1050.68
1754.28 913.002
1755.37 775.081
1756.25 636.844
1757.16 498.165
1757.85 359.288
1758.47 220.24
353.189 1047.8
352.616 910.428
352.408 772.831
352.11 634.715
352.172 496.141
352.244 357.578
352.367 218.959
421.346 979.734
421.018 842.108
420.905 704.229
420.816 565.766
420.922 426.921
421.222 288.426
421.363 149.654
489.936 1048.66
489.673 911.068
489.428 773.097
489.461 634.871
489.542 496.089
489.751 357.427
490.078 218.484
558.521 980.395
558.226 842.447
558.236 704.386
558.335 565.663
558.612 426.816
558.904 287.829
559.307 149.142
626.966 1049.67
626.824 912.035
626.803 773.798
626.892 635.477
627.181 496.447
627.445 357.545
627.869 218.595
695.911 981.454
695.914 843.347
696.17 704.964
696.321 566.313
696.692 427.078
697.115 288.161
697.547 149.477
764.761 1050.36
764.896 912.382
765.072 774.056
765.324 635.45
765.721 496.441
766.131 357.255
766.591 218.176
833.615 981.805
833.943 843.597
834.353 705.234
834.696 566.192
835.139 426.966
835.625 287.741
836.059 148.812
902.458 1051.29
902.832 913.273
903.333 774.778
903.772 636.154
904.234 496.846
904.733 357.71
905.175 218.398
971.841 982.39
972.286 844.067
972.975 705.597
973.427 566.472
973.98 427.069
974.524 287.739
974.903 148.667
1040.89 1051.66
1041.55 913.438
1042.25 775.024
1042.87 636.163
1043.51 496.815
1044.11 357.397
1044.57 218.08
1110.13 983.167
1110.9 844.75
1111.77 706.146
1112.42 566.965
1113.1 427.49
1113.6 288.066
1114.12 148.991
1179.07 1052.62
1179.99 914.52
1180.86 775.715
1181.68 636.913
1182.44 497.423
1183.12 358.337
1183.62 218.755
1248.77 983.394
1249.69 844.942
1250.74 706.303
1251.53 566.994
1252.3 427.584
1252.93 288.039
1253.42 148.784
1317.53 1052.72
1318.69 914.479
1319.74 775.878
1320.71 636.915
1321.59 497.552
1322.33 358.094
1322.96 218.66
1387.3 984.108
1388.53 845.642
1389.61 707.014
1390.52 567.834
1391.53 428.13
1392.22 288.786
1392.81 149.417
1455.83 1053.28
1457.16 915.078
1458.45 776.395
1459.62 637.525
1460.63 498.006
1461.46 358.653
1462.14 219.16
1525.65 984.28
1527.06 845.801
1528.43 707.242
1529.56 567.861
1530.58 428.488
1531.44 288.809
1532.15 149.515
1593.9 1053.6
1595.46 915.4
1596.9 776.737
1598.25 637.859
1599.36 498.459
1600.39 359.032
1601.22 219.465
1663.94 984.998
1665.54 846.449
1667.05 707.718
1668.39 568.648
1669.53 429.04
1670.58 289.619
1671.49 150.102
1732.14 1053.83
1733.76 915.513
1735.38 776.973
1736.83 638.066
1738.23 498.711
1739.43 359.268
1740.56 219.52
