167.165 490.245
168.363 436.374
169.537 383.006
170.649 330.053
171.831 277.42
173.006 225.317
174.239 173.758
195.733 463.611
196.777 410.112
197.797 357.099
198.724 304.333
199.719 251.967
200.774 200.168
201.851 148.982
223.017 490.551
223.965 437.042
224.816 383.886
225.643 331.1
226.48 278.59
227.321 226.62
228.227 175.04
251.211 464.043
251.929 410.804
252.604 358.024
253.287 305.352
253.999 253.176
254.737 201.392
255.525 150.302
278.16 491.223
278.846 437.829
279.448 384.881
280.018 332.303
280.578 279.912
281.157 228.004
281.799 176.608
305.988 464.779
306.478 411.776
306.957 359.108
307.396 306.761
307.853 254.569
308.33 202.99
308.839 151.882
332.948 491.557
333.355 438.437
333.747 385.687
334.1 333.268
334.449 281.09
334.79 229.245
335.173 177.895
360.149 465.263
360.49 412.442
360.782 360.024
361.011 307.751
361.274 255.788
361.525 204.273
361.802 153.189
386.972 492.101
387.166 439.212
387.399 386.62
387.554 334.429
387.719 282.347
387.883 230.719
388.046 179.407
413.913 465.767
413.955 413.145
414.157 360.895
414.163 308.764
414.27 256.976
414.364 205.541
414.396 154.627
440.66 492.395
440.681 439.676
440.73 387.292
440.731 335.232
440.748 283.317
440.759 231.742
440.749 180.601
467.163 466.291
467.098 413.823
467.07 361.722
466.987 309.805
466.948 258.123
466.823 206.81
466.753 155.991
493.798 492.908
493.658 440.368
493.51 388.078
493.37 336.187
493.238 284.389
493.109 233.04
492.928 182.046
520.182 466.582
519.897 414.27
519.712 362.313
519.474 310.521
519.257 259.027
519.047 207.831
518.762 157.185
546.758 493.071
546.399 440.622
546.078 388.519
545.794 336.729
545.529 285.13
545.213 233.901
544.896 183.014
572.891 467.039
572.491 414.817
572.089 363.004
571.702 311.379
571.363 259.941
570.964 208.961
570.529 158.496
599.483 493.381
598.934 441.029
598.44 389.034
597.991 337.409
597.539 285.906
597.078 234.837
596.568 184.16
625.452 467.285
624.817 415.147
624.312 363.439
623.748 311.898
623.232 260.668
622.663 209.767
622.026 159.516
652.039 493.559
651.272 441.352
650.594 389.421
649.972 337.897
649.335 286.528
648.678 235.665
647.982 185.113
677.95 467.629
677.084 415.583
676.329 363.941
675.614 312.582
674.882 261.435
674.116 210.842
673.268 160.684
704.587 493.7
703.564 441.554
702.679 389.747
701.801 338.332
700.992 287.175
700.148 236.389
699.219 186.048
203.362 487.042
204.321 430.206
205.284 373.889
206.165 317.996
207.103 262.424
208.043 207.433
209.064 153.022
233.304 458.97
234.091 402.564
234.883 346.616
235.589 290.953
236.348 235.668
237.217 181.062
238.07 127.034
262.154 487.398
262.839 430.988
263.46 374.954
264.044 319.277
264.662 263.872
265.28 209.018
265.975 154.631
291.586 459.479
292.064 403.378
292.551 347.726
293.008 292.207
293.505 237.15
293.999 182.537
294.606 128.694
320.062 488.133
320.527 431.889
320.885 376.083
321.215 320.647
321.584 265.437
321.925 210.7
322.337 156.491
349.104 460.32
349.36 404.472
349.666 348.968
349.856 293.79
350.094 238.783
350.359 184.416
350.658 130.577
377.485 488.516
377.681 432.573
377.859 377.031
377.995 321.794
378.131 266.805
378.266 212.157
378.444 158.069
405.898 460.834
406.015 405.22
406.08 349.994
406.114 294.946
406.151 240.18
406.215 185.931
406.294 132.296
434.129 489.111
434.077 433.42
434.08 378.047
434.038 323.057
434.001 268.206
433.965 213.82
433.932 159.835
462.207 461.374
462.056 405.979
462.011 350.957
461.859 296.098
461.742 241.538
461.644 187.437
461.473 133.904
490.387 489.416
490.174 433.905
489.99 378.775
489.784 323.938
489.629 269.319
489.422 215.066
489.194 161.268
518.052 461.937
517.747 406.695
517.503 351.854
517.229 297.229
516.964 242.833
516.653 188.89
516.341 135.519
546.128 489.934
545.721 434.646
545.34 379.6
544.996 324.997
544.655 270.501
544.301 216.499
543.892 162.966
573.648 462.22
573.122 407.169
572.718 352.492
572.256 298.026
571.832 243.873
571.375 190.095
570.832 136.96
601.688 490.068
601.06 434.905
600.502 380.098
599.965 325.598
599.463 271.385
598.903 217.557
598.329 164.147
628.989 462.686
628.286 407.764
627.643 353.255
626.999 298.98
626.423 244.936
625.749 191.458
625.004 138.561
657.013 490.431
656.151 435.348
655.387 380.67
654.67 326.403
653.962 272.274
653.205 218.684
652.388 165.538
684.117 462.942
683.174 408.129
682.35 353.793
681.52 299.616
680.691 245.87
679.8 192.518
678.836 139.857
712.141 490.625
711.038 435.709
710.04 381.117
709.101 326.99
708.152 273.074
707.183 219.733
706.093 166.836
739.147 463.355
737.926 408.647
736.854 354.368
735.796 300.469
734.697 246.859
733.559 193.854
732.311 141.407
767.217 490.789
765.819 435.942
764.554 381.536
763.302 327.567
762.14 273.899
760.883 220.745
759.556 168.046
220.909 490.018
221.738 435.872
222.558 382.157
223.231 328.826
224.014 275.76
224.764 223.205
225.577 171.129
249.381 463.287
250.028 409.51
250.663 356.144
251.232 303.024
251.852 250.243
252.502 197.99
253.192 146.289
276.924 490.375
277.445 436.618
277.928 383.177
278.414 330.079
278.906 277.193
279.386 224.836
279.897 172.756
304.846 463.784
305.237 410.309
305.597 357.22
305.932 304.247
306.336 251.694
306.725 199.513
307.14 147.958
331.99 491.067
332.335 437.466
332.609 384.265
332.878 331.447
333.145 278.727
333.388 226.441
333.683 174.625
359.563 464.577
359.772 411.339
359.992 358.42
360.109 305.785
360.251 253.298
360.439 201.334
360.63 149.848
386.612 491.431
386.771 438.134
386.85 385.179
386.948 332.505
387.023 280.056
387.086 227.886
387.191 176.195
413.651 465.064
413.701 412.073
413.71 359.398
413.689 306.883
413.698 254.646
413.681 202.826
413.664 151.469
440.526 492.007
440.447 438.933
440.402 386.17
440.324 333.721
440.248 281.409
440.159 229.529
440.074 177.934
467.25 465.586
467.082 412.783
466.975 360.334
466.783 308.007
466.641 255.956
466.496 204.291
466.298 153.147
494.11 492.297
493.858 439.411
493.642 386.873
493.411 334.583
493.213 282.485
492.98 230.715
492.733 179.35
520.441 466.119
520.109 413.492
519.819 361.21
519.532 309.108
519.234 257.237
518.898 205.774
518.579 154.729
547.158 492.822
546.744 440.129
546.353 387.66
545.993 335.614
545.623 283.631
545.266 232.13
544.846 180.981
573.36 466.413
572.817 413.96
572.386 361.843
571.934 309.894
571.495 258.255
571.036 206.917
570.473 156.216
600.048 492.952
599.407 440.398
598.856 388.177
598.325 336.211
597.815 284.512
597.271 233.172
596.701 182.162
626.014 466.865
625.327 414.544
624.679 362.581
624.046 310.857
623.487 259.313
622.826 208.262
622.128 157.684
652.66 493.286
651.808 440.846
651.096 388.722
650.379 337.026
649.695 285.413
648.984 234.25
648.204 183.508
678.435 467.151
677.526 414.917
676.743 363.134
675.943 311.487
675.15 260.204
674.306 209.292
673.395 158.978
705.103 493.502
704.039 441.213
703.083 389.186
702.182 337.589
701.271 286.192
700.366 235.278
699.356 184.732
730.763 467.542
729.612 415.416
728.571 363.706
727.571 312.326
726.549 261.189
725.493 210.567
724.344 160.478
757.43 493.669
756.126 441.446
754.909 389.626
753.747 338.174
752.637 287.019
751.488 236.252
750.279 185.917
247.395 492.073
248.15 439.656
248.844 387.664
249.498 336.002
250.2 284.575
250.855 233.57
251.55 183.009
274.769 466.165
275.401 414.078
275.973 362.402
276.457 310.896
277.017 259.692
277.581 208.955
278.239 158.811
301.305 492.363
301.841 440.293
302.251 388.501
302.731 337.049
303.135 285.747
303.595 234.912
304.069 184.404
328.313 466.603
328.622 414.735
328.988 363.28
329.274 311.895
329.64 260.888
329.982 210.243
330.371 160.147
354.487 492.977
354.818 441.039
355.059 389.419
355.303 338.163
355.577 287.023
355.771 236.273
356.081 185.965
381.136 467.261
381.305 415.632
381.527 364.271
381.673 313.22
381.819 262.25
382 211.809
382.146 161.737
407.268 493.295
407.424 441.541
407.536 390.148
407.627 339.052
407.704 288.097
407.781 237.435
407.875 187.184
433.47 467.638
433.518 416.187
433.555 365.082
433.536 314.055
433.558 263.328
433.555 212.941
433.557 163.057
459.533 493.782
459.475 442.223
459.434 390.965
459.357 340.041
459.302 289.208
459.241 238.753
459.166 188.597
485.481 468.069
485.32 416.771
485.231 365.802
485.081 314.957
484.944 264.344
484.824 214.123
484.628 164.308
511.542 494.003
511.337 442.576
511.133 391.502
510.927 340.688
510.746 290.031
510.544 239.66
510.324 189.703
537.166 468.516
536.847 417.329
536.607 366.495
536.328 315.828
536.071 265.357
535.769 215.273
535.471 165.59
563.18 494.437
562.777 443.19
562.403 392.168
562.08 341.513
561.739 290.961
561.418 240.83
561.02 191.025
588.689 468.733
588.185 417.678
587.793 366.965
587.353 316.405
586.948 266.145
586.54 216.156
586.038 166.709
614.698 494.544
614.122 443.354
613.576 392.521
613.074 341.927
612.591 291.615
612.088 241.574
611.577 191.941
640.046 469.112
639.371 418.156
638.784 367.55
638.169 317.189
637.644 266.957
637.033 217.213
636.382 167.893
666.074 494.831
665.287 443.697
664.568 392.928
663.884 342.561
663.23 292.263
662.556 242.432
661.828 192.958
691.275 469.325
690.406 418.41
689.656 367.926
688.876 317.589
688.118 267.635
687.327 217.967
686.451 168.9
717.298 494.998
716.283 443.989
715.395 393.294
714.526 342.972
713.634 292.876
712.766 243.222
711.816 193.902
742.457 469.646
741.325 418.834
740.353 368.385
739.374 318.261
738.378 268.385
737.378 219.009
736.271 170.096
768.54 495.119
767.283 444.171
766.121 393.61
765.006 343.407
763.944 293.462
762.818 243.957
761.647 194.818
232.007 492.456
233.067 440.472
234.146 388.914
235.116 337.68
236.194 286.708
237.169 236.155
238.206 186.052
259.139 466.663
260.118 414.945
261.031 363.655
261.868 312.522
262.754 261.705
263.674 211.386
264.607 161.539
285.161 492.61
286.038 440.852
286.823 389.382
287.666 338.244
288.395 287.267
289.128 236.723
289.94 186.56
312.018 466.87
312.737 415.275
313.431 364.09
314.069 312.963
314.75 262.217
315.411 211.817
316.137 161.978
337.888 493.094
338.542 441.328
339.144 389.91
339.689 338.85
340.293 287.9
340.839 237.377
341.456 187.253
364.554 467.344
365.062 415.852
365.607 364.636
366.057 313.682
366.525 262.866
367.059 212.585
367.569 162.744
390.506 493.273
390.946 441.606
391.37 390.263
391.801 339.242
392.177 288.384
392.602 237.814
393.012 187.631
416.806 467.576
417.158 416.138
417.525 365.04
417.836 314.043
418.18 263.315
418.488 212.954
418.804 163.023
442.747 493.618
442.993 442.045
443.282 390.746
443.527 339.75
443.776 288.875
444.038 238.387
444.28 188.211
468.924 467.814
469.06 416.403
469.323 365.325
469.486 314.415
469.654 263.712
469.852 213.347
469.986 163.471
494.962 493.737
495.051 442.171
495.196 390.95
495.31 339.944
495.45 289.131
495.562 238.608
495.653 188.475
520.909 468.104
520.926 416.708
521.031 365.626
521.054 314.738
521.118 264.057
521.129 213.739
521.141 163.853
547.019 494.065
546.945 442.527
546.903 391.228
546.884 340.33
546.875 289.453
546.865 239.048
546.804 188.979
572.98 468.139
572.821 416.732
572.759 365.69
572.631 314.785
572.548 264.191
572.452 213.879
572.278 164.072
599.216 494.036
598.941 442.475
598.738 391.227
598.556 340.262
598.41 289.519
598.214 239.132
598.012 189.059
625.132 468.352
624.803 416.925
624.529 365.856
624.26 315
624.034 264.344
623.751 214.132
623.405 164.424
651.499 494.203
651.008 442.585
650.623 391.316
650.295 340.388
649.958 289.6
649.598 239.236
649.159 189.311
677.387 468.354
676.846 416.877
676.42 365.823
675.98 314.914
675.528 264.383
675.063 214.154
674.479 164.581
703.894 494.237
703.202 442.621
702.592 391.28
702.073 340.35
701.507 289.588
700.971 239.303
700.319 189.372
729.862 468.489
729.029 416.983
728.4 365.835
727.734 315.05
727.068 264.463
726.366 214.413
725.583 164.835
756.498 494.253
755.577 442.531
754.74 391.216
753.935 340.27
753.188 289.585
752.379 239.355
751.523 189.472
230.459 491.589
231.392 438.828
232.263 386.49
233.073 334.506
233.956 282.76
234.818 231.475
235.67 180.632
258.085 465.482
258.866 413.036
259.609 360.992
260.273 309.151
260.99 257.617
261.75 206.608
262.544 156.124
284.745 491.851
285.437 439.393
286.018 387.23
286.655 335.409
287.217 283.757
287.812 232.572
288.443 181.725
312.039 465.837
312.48 413.572
313 361.733
313.478 310.008
313.966 258.626
314.472 207.622
315.02 157.2
338.332 492.426
338.818 440.046
339.263 388.058
339.606 336.374
339.998 284.84
340.412 233.77
340.813 183.01
365.311 466.47
365.666 414.418
366.01 362.629
366.257 311.123
366.549 259.764
366.87 208.912
367.185 158.514
391.653 492.698
391.934 440.508
392.186 388.667
392.407 337.125
392.607 285.74
392.831 234.659
393.061 184.001
418.184 466.815
418.366 414.883
418.542 363.326
418.662 311.884
418.801 260.662
418.923 209.843
419.064 159.471
444.481 493.161
444.495 441.15
444.617 389.409
444.677 337.996
444.741 286.677
444.804 235.773
444.871 185.178
470.755 467.178
470.714 415.394
470.786 363.941
470.739 312.589
470.73 261.513
470.741 210.829
470.674 160.559
497.054 493.357
496.97 441.43
496.893 389.857
496.82 338.504
496.774 287.353
496.693 236.541
496.593 186.017
523.038 467.617
522.869 415.891
522.748 364.5
522.595 313.341
522.476 262.35
522.289 211.729
522.119 161.557
549.331 493.769
549.044 441.99
548.823 390.4
548.609 339.214
548.387 288.112
548.21 237.5
547.943 187.127
575.241 467.765
574.871 416.136
574.614 364.871
574.304 313.754
574.021 262.913
573.733 212.4
573.347 162.421
601.548 493.838
601.094 442.068
600.678 390.655
600.325 339.502
599.974 288.568
599.584 238.019
599.187 187.758
627.34 468.1
626.807 416.54
626.342 365.347
625.86 314.345
625.454 263.56
624.968 213.211
624.428 163.371
653.702 494.087
653.034 442.355
652.469 390.964
651.905 339.97
651.375 289.08
650.818 238.632
650.207 188.567
679.354 468.239
678.632 416.693
678.003 365.596
677.365 314.628
676.734 264.029
676.063 213.756
675.318 164.053
705.792 494.212
704.919 442.562
704.112 391.215
703.386 340.261
702.635 289.469
701.89 239.207
701.058 189.253
731.416 468.527
730.459 417.016
729.592 365.899
728.744 315.156
727.892 264.578
727.007 214.542
726.024 164.98
757.946 494.308
756.802 442.661
755.768 391.412
754.78 340.534
753.851 289.886
752.857 239.706
751.797 189.918
228.542 491.666
229.715 438.999
230.84 386.739
231.909 334.855
233.011 283.208
234.073 231.999
235.191 181.245
256.04 465.51
257.066 413.097
258.101 361.131
258.971 309.315
259.927 257.829
260.957 206.895
261.921 156.382
282.384 491.812
283.296 439.34
284.145 387.173
285.018 335.318
285.854 283.668
286.679 232.501
287.538 181.627
309.617 465.7
310.374 413.393
311.113 361.514
311.874 309.684
312.562 258.242
313.334 207.195
314.098 156.72
335.778 492.275
336.543 439.784
337.159 387.671
337.785 335.877
338.418 284.264
339.059 233.027
339.695 182.21
362.857 466.184
363.449 413.94
364.014 362.008
364.515 310.347
365.055 258.829
365.606 207.836
366.15 157.299
389.12 492.445
389.638 440.049
390.1 387.992
390.563 336.199
391.034 284.633
391.469 233.357
391.929 182.5
415.817 466.397
416.24 414.181
416.654 362.338
417.013 310.626
417.387 259.163
417.754 208.139
418.108 157.499
442.104 492.807
442.416 440.456
442.749 388.392
443.043 336.681
443.348 285.078
443.648 233.87
443.937 182.98
468.703 466.594
468.898 414.435
469.193 362.566
469.39 310.911
469.623 259.464
469.858 208.415
470.03 157.827
495.119 492.912
495.248 440.555
495.428 388.552
495.594 336.797
495.771 285.239
495.934 233.995
496.062 183.135
521.497 466.859
521.529 414.671
521.676 362.825
521.744 311.193
521.85 259.747
521.894 208.721
521.956 158.12
547.986 493.216
547.963 440.897
547.948 388.804
547.97 337.101
547.996 285.483
548.029 234.383
547.991 183.513
574.402 466.849
574.267 414.674
574.229 362.834
574.138 311.167
574.098 259.764
574.021 208.718
573.867 158.236
601.04 493.165
600.815 440.772
600.62 388.749
600.48 336.967
600.357 285.469
600.183 234.291
600.008 183.468
627.416 467.024
627.123 414.794
626.848 362.939
626.618 311.304
626.411 259.866
626.149 208.89
625.82 158.429
654.208 493.321
653.749 440.856
653.391 388.756
653.072 337.036
652.764 285.434
652.409 234.337
652.008 183.59
680.577 467.013
680.042 414.704
679.643 362.841
679.214 311.126
678.795 259.789
678.327 208.811
677.785 158.408
707.533 493.337
706.852 440.855
706.26 388.695
705.746 336.928
705.213 285.362
704.675 234.288
703.98 183.695
733.976 467.141
733.2 414.775
732.552 362.794
731.904 311.163
731.252 259.795
730.552 208.957
729.744 158.605
761.125 493.324
760.19 440.743
759.357 388.579
758.562 336.795
757.806 285.295
757.027 234.229
756.126 183.603
188.992 490.629
190.388 437.184
191.717 384.205
193.017 331.608
194.369 279.292
195.655 227.484
197.024 176.167
217.062 464.085
218.266 410.926
219.488 358.203
220.59 305.724
221.763 253.583
222.98 202.005
224.233 150.99
243.774 490.763
244.884 437.533
245.903 384.631
246.93 332.052
247.959 279.742
248.994 227.916
250.057 176.46
271.518 464.275
272.454 411.227
273.358 358.591
274.24 306.067
275.181 253.98
276.115 202.304
277.066 151.235
298.06 491.245
298.922 437.968
299.767 385.153
300.521 332.612
301.305 280.294
302.115 228.43
302.917 176.984
325.666 464.754
326.383 411.776
327.107 359.122
327.757 306.754
328.412 254.563
329.131 202.91
329.872 151.821
352.304 491.422
352.926 438.279
353.547 385.474
354.119 332.963
354.717 280.711
355.316 228.78
355.922 177.286
379.465 465.02
380.013 412.043
380.556 359.481
381.043 307.068
381.535 254.938
382.05 203.244
382.539 151.975
406.087 491.818
406.537 438.706
407.019 385.936
407.397 333.507
407.817 281.198
408.245 229.308
408.647 177.754
433.178 465.24
433.494 412.35
433.913 359.796
434.187 307.391
434.535 255.294
434.888 203.529
435.192 152.331
459.901 491.939
460.163 438.854
460.47 386.131
460.73 333.681
461.012 281.397
461.277 229.452
461.511 177.917
486.724 465.538
486.887 412.645
487.135 360.085
487.313 307.737
487.525 255.58
487.666 203.873
487.869 152.671
513.506 492.261
513.593 439.219
513.701 386.435
513.822 334.012
513.959 281.695
514.089 229.834
514.166 178.349
540.328 465.569
540.298 412.663
540.4 360.132
540.418 307.75
540.459 255.654
540.507 203.887
540.472 152.686
567.227 492.236
567.142 439.146
567.036 386.421
567.026 333.922
567.019 281.706
566.961 229.806
566.892 178.297
593.989 465.77
593.828 412.825
593.699 360.252
593.559 307.919
593.475 255.795
593.329 204.102
593.134 152.888
621.049 492.394
620.712 439.248
620.49 386.428
620.298 334.017
620.102 281.703
619.869 229.87
619.616 178.41
647.805 465.754
647.424 412.737
647.144 360.164
646.832 307.772
646.549 255.699
646.217 203.958
645.803 152.884
674.999 492.413
674.469 439.241
674.029 386.371
673.645 333.895
673.256 281.614
672.849 229.806
672.341 178.414
701.855 465.882
701.204 412.821
700.708 360.117
700.208 307.79
699.687 255.685
699.153 204.116
698.496 153.034
729.257 492.398
728.482 439.124
727.803 386.254
727.144 333.746
726.568 281.486
725.906 229.719
725.179 178.355
244.762 491.714
245.825 438.995
246.889 386.724
247.877 334.789
248.904 283.084
249.924 231.825
250.963 181.027
272.211 465.551
273.157 413.101
274.083 361.058
274.972 309.254
275.823 257.685
276.744 206.664
277.674 156.126
298.589 491.855
299.427 439.351
300.215 387.147
301.006 335.265
301.785 283.562
302.525 232.298
303.33 181.388
325.751 465.719
326.465 413.394
327.148 361.456
327.807 309.576
328.466 258.116
329.151 206.985
329.904 156.516
351.935 492.343
352.599 439.779
353.206 387.636
353.755 335.792
354.345 284.129
354.914 232.844
355.499 181.957
378.967 466.177
379.508 413.924
380.008 361.945
380.482 310.25
380.962 258.682
381.447 207.604
381.938 156.998
405.281 492.474
405.719 440.029
406.14 387.931
406.536 336.115
406.945 284.468
407.354 233.146
407.789 182.257
431.949 466.369
432.286 414.117
432.655 362.262
432.977 310.491
433.3 258.992
433.63 207.905
433.942 157.207
458.283 492.823
458.514 440.421
458.788 388.31
459.034 336.559
459.297 284.905
459.554 233.649
459.787 182.7
484.857 466.574
484.983 414.373
485.233 362.487
485.381 310.768
485.574 259.264
485.757 208.16
485.887 157.518
511.318 492.894
511.41 440.499
511.537 388.466
511.63 336.655
511.767 285.048
511.882 233.746
511.97 182.84
537.675 466.828
537.694 414.575
537.772 362.687
537.789 311.005
537.87 259.525
537.867 208.459
537.867 157.774
564.267 493.201
564.153 440.834
564.112 388.666
564.065 336.922
564.058 285.266
564.039 234.07
563.963 183.208
590.676 466.828
590.477 414.583
590.406 362.683
590.263 310.94
590.164 259.511
590.045 208.404
589.85 157.857
617.408 493.152
617.098 440.694
616.876 388.595
616.66 336.787
616.489 285.203
616.276 233.996
616.039 183.14
643.789 466.977
643.431 414.667
643.138 362.743
642.821 311.07
642.57 259.582
642.247 208.573
641.862 158.081
670.684 493.293
670.167 440.767
669.729 388.591
669.361 336.83
668.976 285.17
668.585 234.006
668.112 183.255
697.082 466.955
696.48 414.582
695.998 362.656
695.508 310.886
695.024 259.482
694.475 208.497
693.864 158.066
724.12 493.315
723.377 440.755
722.718 388.515
722.136 336.689
721.527 285.082
720.907 233.982
720.19 183.261
750.599 467.074
749.726 414.638
749.009 362.6
748.291 310.931
747.548 259.51
746.777 208.635
745.875 158.305
777.86 493.291
776.829 440.63
775.911 388.408
775.032 336.578
774.215 285.012
773.312 233.916
772.347 183.291
233.309 489.989
234.595 435.76
235.843 381.975
237.005 328.526
238.235 275.365
239.435 222.716
240.662 170.513
261.541 463.014
262.699 409.025
263.774 355.469
264.818 302.132
265.878 249.103
266.993 196.654
268.108 144.737
288.519 490.076
289.586 435.998
290.537 382.24
291.486 328.796
292.438 275.607
293.359 222.87
294.338 170.508
316.561 463.111
317.429 409.196
318.276 355.684
319.092 302.252
319.923 249.266
320.767 196.638
321.658 144.671
343.479 490.503
344.272 436.333
345.013 382.583
345.697 329.148
346.438 275.902
347.16 223.093
347.972 170.794
371.324 463.533
371.995 409.612
372.657 356.012
373.291 302.733
373.904 249.561
374.548 196.959
375.198 144.859
398.379 490.608
398.956 436.491
399.536 382.728
400.064 329.272
400.597 276.039
401.17 223.124
401.73 170.681
425.937 463.644
426.444 409.708
426.93 356.168
427.366 302.732
427.839 249.624
428.289 196.914
428.744 144.689
453.043 490.923
453.441 436.796
453.848 382.985
454.225 329.545
454.598 276.219
454.966 223.293
455.352 170.758
480.578 463.783
480.831 409.816
481.203 356.207
481.472 302.781
481.795 249.605
482.105 196.872
482.351 144.645
507.881 490.938
508.074 436.768
508.326 382.979
508.543 329.431
508.798 276.098
509.04 223.099
509.229 170.533
535.218 463.934
535.332 409.917
535.528 356.248
535.677 302.807
535.853 249.587
535.959 196.833
536.076 144.521
562.673 491.192
562.701 436.983
562.732 383.033
562.832 329.498
562.915 276.077
563.01 223.138
563.036 170.597
590.113 463.846
590.035 409.761
590.055 356.049
590.029 302.523
590.04 249.302
590.003 196.447
589.895 144.229
617.805 491.07
617.594 436.739
617.459 382.783
617.361 329.134
617.291 275.743
617.162 222.744
617.001 170.178
645.289 463.91
645.003 409.726
644.789 355.927
644.58 302.384
644.422 249.076
644.159 196.302
643.84 144.067
673.173 491.161
672.728 436.705
672.406 382.608
672.111 328.979
671.817 275.459
671.492 222.469
671.078 169.943
700.707 463.804
700.196 409.466
699.79 355.617
699.371 301.948
698.939 248.723
698.467 195.86
697.894 143.722
728.859 491.088
728.179 436.562
727.562 382.372
727.049 328.616
726.495 275.078
725.918 222.132
725.236 169.653
756.505 463.839
755.706 409.382
755.027 355.38
754.357 301.77
753.656 248.443
752.899 195.741
752.024 143.579
784.904 491.03
783.939 436.339
783.083 382.071
782.21 328.267
781.421 274.76
780.554 221.783
779.578 169.301
214.099 488.065
215.148 432.1
216.141 376.636
217.096 321.575
218.122 266.824
219.111 212.608
220.179 158.935
243.493 460.369
244.376 404.778
245.22 349.652
245.998 294.756
246.841 240.256
247.741 186.33
248.671 133.044
271.72 488.331
272.51 432.718
273.192 377.455
273.89 322.533
274.576 267.874
275.276 213.755
276.035 160.044
300.674 460.742
301.268 405.382
301.856 350.47
302.387 295.65
302.979 241.301
303.551 187.362
304.217 134.149
328.681 488.962
329.217 433.441
329.666 378.326
330.112 323.618
330.582 269.074
331.013 214.989
331.536 161.436
357.302 461.443
357.672 406.263
358.125 351.471
358.361 296.887
358.711 242.534
359.083 188.773
359.486 135.609
385.263 489.249
385.54 433.967
385.831 379.028
386.086 324.424
386.327 270.042
386.567 215.994
386.857 162.473
413.355 461.846
413.564 406.805
413.758 352.167
413.909 297.694
414.071 243.504
414.23 189.794
414.402 136.624
441.225 489.765
441.29 434.623
441.419 379.816
441.479 325.365
441.555 271.051
441.638 217.215
441.718 163.727
469.097 462.244
469.059 407.372
469.134 352.855
469.098 298.521
469.096 244.44
469.103 190.811
469.052 137.748
496.977 489.972
496.887 434.946
496.818 380.301
496.737 325.946
496.694 271.8
496.609 218.017
496.497 164.648
524.522 462.683
524.33 407.889
524.203 353.479
524.042 299.305
523.898 245.347
523.702 191.832
523.513 138.848
552.38 490.411
552.09 435.53
551.831 380.897
551.607 326.699
551.37 272.615
551.146 219.008
550.857 165.85
579.841 462.849
579.433 408.169
579.149 353.87
578.806 299.752
578.499 245.967
578.159 192.559
577.729 139.774
607.741 490.473
607.245 435.616
606.789 381.169
606.375 326.998
605.982 273.112
605.544 219.615
605.088 166.549
635.059 463.187
634.477 408.583
633.944 354.363
633.434 300.38
632.946 246.66
632.4 193.467
631.773 140.825
663.016 490.725
662.266 435.912
661.631 381.496
661.024 327.517
660.426 273.652
659.798 220.318
659.087 167.459
690.214 463.332
689.388 408.737
688.693 354.618
687.965 300.692
687.251 247.175
686.465 194.062
685.601 141.65
718.26 490.852
717.266 436.125
716.376 381.753
715.545 327.819
714.695 274.108
713.834 220.979
712.846 168.283
745.407 463.617
744.308 409.084
743.33 354.973
742.36 301.244
741.384 247.819
740.341 194.984
739.203 142.697
773.548 490.946
772.269 436.234
771.119 381.948
769.964 328.121
768.899 274.584
767.737 221.564
766.509 169.038
207.287 488.807
208.57 433.582
209.84 378.865
211.023 324.498
212.258 270.45
213.488 216.95
214.785 163.986
236.197 461.399
237.342 406.486
238.444 352.023
239.47 297.819
240.541 243.947
241.694 190.724
242.838 138.036
263.81 488.968
264.875 433.979
265.805 379.342
266.759 325.052
267.674 271
268.603 217.485
269.616 164.384
292.492 461.612
293.304 406.821
294.132 352.481
294.917 298.249
295.737 244.461
296.566 191.084
297.474 138.411
319.943 489.485
320.721 434.49
321.431 379.913
322.114 325.691
322.814 271.659
323.483 218.11
324.235 165.03
348.345 462.152
348.958 407.457
349.606 353.079
350.139 299.019
350.738 245.125
351.347 191.838
351.99 139.108
375.909 489.675
376.459 434.821
376.958 380.3
377.43 326.106
377.942 272.164
378.43 218.541
378.948 165.428
403.885 462.404
404.328 407.733
404.768 353.481
405.141 299.386
405.546 245.568
405.959 192.241
406.372 139.387
431.414 490.078
431.758 435.278
432.108 380.791
432.421 326.683
432.738 272.689
433.058 219.17
433.362 165.989
459.294 462.655
459.496 408.06
459.801 353.818
460.001 299.765
460.247 245.972
460.492 192.622
460.677 139.831
486.949 490.197
487.097 435.405
487.273 381.01
487.432 326.874
487.609 272.949
487.787 219.367
487.909 166.244
514.53 462.955
514.588 408.364
514.725 354.131
514.794 300.117
514.898 246.349
514.942 193.004
514.989 140.226
542.274 490.533
542.219 435.798
542.207 381.303
542.213 327.243
542.238 273.284
542.257 219.884
542.201 166.754
569.879 462.977
569.724 408.39
569.681 354.187
569.594 300.146
569.518 246.452
569.421 193.109
569.252 140.398
597.742 490.506
597.482 435.704
597.282 381.284
597.12 327.175
596.961 273.335
596.793 219.852
596.572 166.844
625.312 463.174
624.978 408.556
624.688 354.359
624.402 300.372
624.207 246.612
623.897 193.405
623.519 140.735
653.315 490.679
652.824 435.805
652.434 381.33
652.082 327.296
651.74 273.373
651.35 219.98
650.89 167.039
680.872 463.175
680.303 408.481
679.847 354.275
679.377 300.231
678.912 246.617
678.388 193.366
677.768 140.849
709.052 490.701
708.331 435.815
707.684 381.304
707.11 327.205
706.516 273.344
705.903 220.033
705.188 167.168
736.637 463.317
735.829 408.569
735.128 354.256
734.41 300.323
733.664 246.684
732.879 193.65
731.968 141.186
765.061 490.693
764.04 435.725
763.141 381.208
762.268 327.118
761.439 273.315
760.529 220.061
759.543 167.262
